>> Eingabe der Wünsche im BwInf-Format
1000
484 790 143
28 922 36
 5 247 536
902 146 764
367 138 984
380 662 352
63 378 318
980 868 686
531 338 579
866 431 499
571 942 347
59 309 262
868 940 958
654 73 408
854 566 923
660 381 623
752 453 784
551 720 726
304 319 877
580 861 921
255 646 61
722 759 801
143 883 807
103 722 58
977 432 366
495 616 44
994 684 851
352 80 989
80 745 82
960 892 743
602 453 415
44 151 207
745 214 847
476 188 984
438 380 879
347 468 825
949 31 394
594 189 19
85 399 292
683 520 991
921 181 753
534 468 153
604 239 427
131 652 519
455 262 432
432 181 580
968 38 829
923 318 475
182 903 651
467 790 339
705 904 496
350 96 773
630 745 53
843 184 29
390 771 696
531 704 187
743 497 568
455 756 20
109 608 214
471 380 325
149 604 746
235 486 796
696 214 122
19 697 291
631 730 497
885 285 803
892 234 885
879 509 426
138 519 198
18 214 798
129 997 540
639 561 489
402 492 921
116 266 907
686 827 143
154 129 526
545 279 897
891 696 973
919 462 35
798 303 764
48
175 350 101
838 396 490
501 99 134
932 829  4
836 38 972
475 537 455
28 862 613
560 764 734
126 93 531
260 148 106
549 770 147
378 843 156
129 65 822
321 326 513
233 36 422
857 774 672
313 792 553
206 665 341
188 204 475
13 962 783
769 922 337
589 868 684
341 148 113
848 506 620
421 205 177
28 13 647
63 246 731
35 804 335
435 133 168
910 139 985
455 282 138
847 92 588
801 815 697
817 21 859
325 797 684
151 677 183
82 502 720
631 298 499
715 22 638
682 755 53
316 38 675
168 723 612
711 728 614
921 210 558
899 137 449
551 694 939
655 885 498
106 892 840
429 106 337
246 934 792
202 836 671
790 303 388
783 549 542
128 933 181
235 124 361
33 583 65
893 956 206
579 135 59
721 894 408
188 335 765
506 777 560
784 108 453
124 854 986
188 150 732
105 99 313
781 818 453
487 58 508
96 818 106
731 262 124
607 626 734
922 317 996
671 947 21
733 725 526
962 928 278
291 124 420
106 239 841
453 679 273
75 476 786
623 450 686
893 168 469
435 665 33 443
577 989 777
189 525 13
902 106 476
923 18 133
964 378 740
175 576 154
889  4 721
752 612 781
265 564 301
947 943 273
580 792 633
564 707 866
518 963 922
991 455 606
919 786 126
492 138 919
698 485 372
964 593 168
562 488 353
364 991 702
489 579 288
566 922 993
639 566 417
45 832 336
499 517 466
707 113 893
338 604 756
593 106 600
288 209 399
818 352 751
337 485 105
710 862 99
154 383 374
605 381 646
973 663 147
28 708 435
734 163 90
281 421 37
74 758 292
290 834 390
562 150 752
10 919 325
212 47 627
202 651 879
542 934 804
380 262 505
22 938 623
380 154 675
639 545 76
57 551 576
35 413 106
356 366 759
604 602 206
209 770 513
 7 799 143
381 161 66
512 551 107
838 243 242
606 476 809
633 79 892
893 962 881
707 996 731
535 545 58
888 697 335
427 783 255
534 607 794
884 143 250
999 884 361
548 281 181
615 200 180
121 559 10
106 192 509
335 188 396
175 847 989
155 133 744
441 21 656
534 858 791
628 890 707
1000 320 209
556 551 712 919 239
715  7 776
350 638 535
256 184 146
458 381 602
998 770 721
892 422 304
623 79 62
211 963 105
302 253 47
250 136 767
20 242 319
841 778 823
597 800 700
390 665 720
168 565 683
149 539 989
638 692 106
830 778 127
87 292 506
367 154 376
834 462 776
409 301 239
410 541 460
843 226 683
534 758 566
229 407 274
734 102 353
202 950 855
414 994 13
340 467 310
453 256 998
59 559 893
139 282 290
299 886 552
341 756 44
858 380 265
803 769 399
607 638 636
734 893 509
157 798 830
 7 243 205
836 722 17
485 975 408
994 918 692
127 455 551
127 994 162
994 868 242
222 984 689
472 309 518
354 288 428
485 87 540
579 101 63
326 712 105
286 720 838
476 666 175
135 119 566
426 22 101
203 867 366
395 632 12
796 631 234
847 807 13
180 630 998
549 20 128
190 899 177
674 752 184
745 540 921
154 346 551
836 235 95
336 63 113
265 867 705
134 699 62
718 109 122
938 323 258
212 672 499
800 805 202
672 621 242
628 232 319
274 484 889
152 167 519
683 9
663 612 470
12 169 953
520 164 190
975 96 420
247 810 28
196 549 542
139 936 431
465 623 435
849 206 996
381 125 734
183 335 36
438 356 47
989 832 657
13 371 450
625 173 954
614 378 205
141 965 94
188 921 381
686 675 328
36 943 486
240 553 892
28 732 741
896 268 593
879 97 122
845 372 707
815 687 321
838 536 543
113 870  4
751 36 971
149 591 424
807 41 539
542 908 292
132 445 966
658 302 352
421 892 562
204 890 498
431 873 785
619 87 82
831 497 838
640 22 867
150 93 247
307 725 580
797 416 656
239 53 563
426 428 686
387  4 262
862 631 381
820 195 10
783 158 885
939 605 554
191 35 692
124 439 731
485 301 476
356 421 940
154 704 796
666 378 380
203 542 616
22 82 644
830 112 642
257 34 815
807 59 625
696 350 759
718 247 129
904 806 740
111 671 564
640 438 169
305 862 108
741 873 746
343 671 893
556 798 797
82 265 366
851 111 269
690 206 871
540 477 888
945 321 168
197 660 783
55 566 129
714 875 591
721 88 486
537 421 933
150 182 303
169 59 579
673 471 417
923 138 800
84 782 843
614 476 251
21 468 320
903 313 368
168 446 376
235 453 298
765 277 249
627 623 672
136 605 164
474 103 671
229 371 558
 7 616 201
247 314 184
565 424 798
876 524 399
214 429 486
97 349 24
973 890 410
71 884 36
437 997 684
160 546 679
807 290 449
206 84 268
240 722 166
476 722 165
354 416 408
143 745 884
638 476 467
483 495 663
564 158 552
35 388 499
902 898 847
365 475 926
105 690 482
101 544 138
745 36 499
744 692 337
864 883 518
235 847 477
205 410 694
103 410 704
443 211 124
519 57 201
508 388 869
676 167 63
629 710 576
461 745 74
591 217 11
333 158 679
534 591 680
94 74 374
857 720 62
472 158 752
133 686 462
607 583 143
197 84 838
663 537 690
940 899 870
829 678 219
466 363 312
363 66 103
341 347 947
187 262 476
781 866 336
521 130 975
435 938 511
57 840 99
498 812 82
893 97 770
783 258 820
291 748 350
652 807 243
890 718 439
800 336 829
121 265 698
640 734 924
154 757 374
875 1 242 262
631 425 901
525 548 881
745 642 438
162 685 367
191 679 150
653 713 239
212 455 966
457 90 136
87 562 604
121 682 380
745 943 371
783 304 861
734 966 330
372 472 446
517 320 822
325 206 913
132 975 106
185 189 830
810 753 545
889 178 123
51 408 783
440 65 130
186 383 194
235 851  4
780 341 647
19 364 87
269 678 868
87 626 614
346 889 696
276 10 123
378 238 665
124 28 453
65 903 189
714 17 408
531 754 680
190 913 654
678 677 854
665 65 114
576 405 919
844 395 292
240 28 104
202 340 141
366 520 720
446 166 152
154 472 752
214 417 392
65 435 539
133 551 190
443 79 467
505 355 442
830 313 432
671 980 984
486 800 607
943 319 776
378 341 230
485 603 150
432 482 723
106 432 630
560 219 536
786 566 380
777 128 147
883 338 644
381 551 56
854 131 470
409 933 414
552 996 348
155 638 303
252 967 650
431 843 792
921 807 303
443 260 83
361 87 576
243 432 572
175 509 53
223 424 266
291 462 207
432 758 898
16 662 738
666 355 415
932 579 732 605 408
864 689 494
604 97 77
836 291 416
904 84 732
959 364 421
20 576 706
200 733 956
155 897 499
212 536 921
580 150 612
477 753 106
409 531 649
298 566 764
828 57 677
51 22 485
515 435 292
743 476 688
991 282 759
190 111 75
623 336 829
422 250  8
150 573 383
783 438 363
972 105 807
381 927 63
638 12 28
81 301 916
729 660  7
41 120 186
43 212 318
147 309 628
405 367 96
453 316 926
559 335 471
848 537 726
601 829 28
216 652 526
634 413 684
150 831 200
582 149 204
536 336 578
26 807 966
242 408 739
50 12 423
465 335 408
242 623 183
201 614 921
53 720 207
355 692 994
500 414 560
658 168 843
713 838 128
774 431 486
265 831 919
893 445 285
626 367 610
778 904 562
51 941 831
816 593 628
396 587 764
192 783 694
155 562 21
446 432 575
397 220 446
219 790 319
766 295 519
182 292 658
348 361 980
680 130 314
291 20 933
409 85 553
482 166 372
860 678 304
248 998 723
453 191 678
562 969 304
93 241 36
454 62 919
841 375 534
551 169 493

829 854 88
255 734 148
168 356 498
63 181 92
467 38 501
706 545 61
811 416 158
442 151 740
591 717 506
372 297 373
20 977 38
82 132 328
457 545 660
407 445 783
700 304 679
920 408 1000
723 186 476
143 312 961
319 770 956
778 380 621
320 520 426
614 486 582
320 476 974
682 734 254
764 626 907
190 129 47
477 528 133
375 298 138
233 468 268
328 113 828
316 877 534
367 292 347
614 413 154
173 328 206
467 453 867
226 518 399
946 426 486
630 105 312
838 153 576
792 35 428
649 623 61
718 884 631
803 892 632
739 226 738
154 884 341
405 462 88
204 213 108
232 345 580
12 339 260
374 953 89
601 885 476
485 136 851
845 600 465
808 482 148
285 166 862
518 625 426
392 578 986
892 974 431
438 92 723
431 838 476
531 411 680
755 682 741
857 610 824
680 770 242
551 440 366
752  5 148
600 18 649
803 690 972
358 172 531
96 323 143
879 791 550
494 834 862
867 319 158
506 356 44
375 484 235
 7 143 168
21 700 214
984 830 413
797 776 51
972 801 107
495862 560 487
 4 441 131
190 66 252
626 740 500
106 143 393
141 576 862
471 124 783
878 799 562
578 276 556
641 148 756
171 453 20
173 881 767
740 566 867
286 467 551
190 124 353
401 912 616
82 658 883
63 239 843
399 988 328
683 301 605
540 399 318
461 103 847
996 828 879
468 62 657
69 698 71
771 695 540
485 811 341
919 132 36
128 774 933
792 736 307
408 460 279
258 388 643
235 960 807
507 512 340
649 27 202
443 929 305
883 509 26
485 769 247
352 587 800
180 946 335
168 756 67
928 335 884
148 640 375
210 745 294
700 723 17
740 11 186
892 921 723
124 994 432
604 766 85
953 476 676
835 172 804
804 184 827
102 633 292
783 150 777
820 844 851
282 99 155
642 579 720
38  7 146
427 831 372
201 29 46
604 548 787
646 777 476
291 442 893
784 307 836
260 760 822
409 361 194
685 441 867
623 876 651
776 21 612
361 594 308
987 536 85
637 608 299
341  8 20
17 892 486
782 453 662
926 111 408
257 154 799
389 458 477
248 880 266
262 608 113
401 994 8247 242
502 58 60
804 28 729
501 101 214
71 328 585
375 770 553
636 307 558
358 462 806
767 155 190
495 486 876
84 143 640
105 295 989
184 804 975
722 563 59
800 20 206
225 912 743
815 986 901
19 101 660
593 284 22
465 746 866
665 336 278
328 97 13
477 726 13
518 413 104
868 187 766
431 435 19
461 652 109
413 432 561
175 387 321
801 304 678
854 908 150
141 149 587
130 435 921
358 63 855
836 501 646
87 509 739
336 695 966
525 778 801
909 468 131
149 96 223
827 216 508
802 715 186
316 399 361
757 378 148
945 972 932
665 989 607
71 857 350
195 252 994
545 940 303
199 364 640
545 898 252
307 893 414
190 974 264
575 230 410
207 815 600
16 288 99
792 20 376
658 551 605
399 279 405
381 432 885
413 487 710
822 22 615
149 266 885
366 814 804
619 30 934
704 943 408
106 119 606
729 521 885
334 99 562
931 335 946
226 629 153
163 665 566
972 945 10
974 769 382
989 34 397
996 374 66
657 65 383
226 921 553
130 938 268
425 525 579
607 513 346
41 705
638 892 658
518 138 320
200 204 947
830 837 883
214 158 534
158 843 548
106 20 465
317 209 124
123 91 219
440 517 273
84 154 151
347 99 395
12 334 616
216 71 328
654 136 385
149 235 972
999 61 453
147 288 383
392 577 288
444 482 651
288 616 443
764 165 139
257 408 347
105 892 731
149 946 459
801 124 240
876 487 650
684 600 383
214 47 112
62 367 570
721 143 534
588 713 830
107 457 867
432 438 911
79 621 822
390 851 212
540 130 186
380 759 422
486 823 441
391 995 417
764 206 58
555 242  5
343 663 421
794 521 381


> Ausgabe der Verteilung: 
Schüler Nr. -> Geschenk Nr. 
1 -> 484
2 -> 28
3 -> 5
4 -> 902
5 -> 367
6 -> 380
7 -> 318
8 -> 980
9 -> 531
10 -> 866
11 -> 571
12 -> 59
13 -> 868
14 -> 654
15 -> 854
16 -> 660
17 -> 752
18 -> 997
19 -> 304
20 -> 580
21 -> 995
22 -> 722
23 -> 143
24 -> 58
25 -> 977
26 -> 495
27 -> 994
28 -> 352
29 -> 80
30 -> 960
31 -> 602
32 -> 44
33 -> 745
34 -> 476
35 -> 438
36 -> 825
37 -> 949
38 -> 594
39 -> 85
40 -> 683
41 -> 181
42 -> 993
43 -> 604
44 -> 131
45 -> 455
46 -> 432
47 -> 968
48 -> 923
49 -> 992
50 -> 467
51 -> 705
52 -> 773
53 -> 630
54 -> 990
55 -> 390
56 -> 985
57 -> 743
58 -> 756
59 -> 109
60 -> 471
61 -> 983
62 -> 235
63 -> 696
64 -> 19
65 -> 631
66 -> 885
67 -> 892
68 -> 879
69 -> 138
70 -> 18
71 -> 129
72 -> 639
73 -> 402
74 -> 116
75 -> 686
76 -> 526
77 -> 279
78 -> 891
79 -> 919
80 -> 798
81 -> 480
82 -> 831
83 -> 956
84 -> 121
85 -> 415
86 -> 644
87 -> 677
88 -> 175
89 -> 490
90 -> 501
91 -> 932
92 -> 836
93 -> 475
94 -> 613
95 -> 560
96 -> 126
97 -> 260
98 -> 549
99 -> 156
100 -> 982
101 -> 321
102 -> 233
103 -> 857
104 -> 313
105 -> 206
106 -> 188
107 -> 13
108 -> 769
109 -> 589
110 -> 341
111 -> 620
112 -> 177
113 -> 647
114 -> 63
115 -> 35
116 -> 435
117 -> 910
118 -> 981
119 -> 847
120 -> 697
121 -> 817
122 -> 325
123 -> 151
124 -> 82
125 -> 979
126 -> 715
127 -> 682
128 -> 978
129 -> 168
130 -> 711
131 -> 558
132 -> 899
133 -> 551
134 -> 655
135 -> 976
136 -> 429
137 -> 246
138 -> 202
139 -> 790
140 -> 783
141 -> 933
142 -> 971
143 -> 33
144 -> 893
145 -> 579
146 -> 721
147 -> 970
148 -> 506
149 -> 784
150 -> 965
151 -> 963
152 -> 105
153 -> 781
154 -> 487
155 -> 96
156 -> 731
157 -> 607
158 -> 922
159 -> 671
160 -> 733
161 -> 962
162 -> 420
163 -> 106
164 -> 679
165 -> 75
166 -> 623
167 -> 469
168 -> 961
169 -> 734
170 -> 801
171 -> 957
172 -> 955
173 -> 167
174 -> 684
175 -> 577
176 -> 189
177 -> 954
178 -> 952
179 -> 964
180 -> 951
181 -> 889
182 -> 948
183 -> 944
184 -> 947
185 -> 942
186 -> 564
187 -> 518
188 -> 991
189 -> 937
190 -> 492
191 -> 698
192 -> 935
193 -> 488
194 -> 364
195 -> 489
196 -> 566
197 -> 934
198 -> 45
199 -> 499
200 -> 707
201 -> 338
202 -> 593
203 -> 288
204 -> 818
205 -> 337
206 -> 710
207 -> 154
208 -> 605
209 -> 973
210 -> 708
211 -> 930
212 -> 281
213 -> 74
214 -> 290
215 -> 562
216 -> 10
217 -> 212
218 -> 651
219 -> 542
220 -> 925
221 -> 22
222 -> 917
223 -> 76
224 -> 57
225 -> 916
226 -> 915
227 -> 914
228 -> 209
229 -> 7
230 -> 161
231 -> 512
232 -> 838
233 -> 606
234 -> 633
235 -> 906
236 -> 905
237 -> 535
238 -> 888
239 -> 427
240 -> 534
241 -> 884
242 -> 999
243 -> 548
244 -> 615
245 -> 900
246 -> 895
247 -> 335
248 -> 894
249 -> 155
250 -> 441
251 -> 887
252 -> 628
253 -> 1000
254 -> 556
255 -> 447
256 -> 574
257 -> 656
258 -> 886
259 -> 306
260 -> 621
261 -> 612
262 -> 882
263 -> 350
264 -> 256
265 -> 458
266 -> 998
267 -> 877
268 -> 874
269 -> 211
270 -> 302
271 -> 250
272 -> 20
273 -> 872
274 -> 597
275 -> 871
276 -> 869
277 -> 149
278 -> 638
279 -> 830
280 -> 87
281 -> 376
282 -> 834
283 -> 409
284 -> 410
285 -> 843
286 -> 758
287 -> 229
288 -> 353
289 -> 950
290 -> 414
291 -> 310
292 -> 453
293 -> 865
294 -> 139
295 -> 299
296 -> 863
297 -> 858
298 -> 803
299 -> 859
300 -> 856
301 -> 157
302 -> 853
303 -> 852
304 -> 485
305 -> 918
306 -> 127
307 -> 850
308 -> 846
309 -> 222
310 -> 472
311 -> 354
312 -> 842
313 -> 839
314 -> 326
315 -> 286
316 -> 833
317 -> 135
318 -> 426
319 -> 203
320 -> 395
321 -> 796
322 -> 832
323 -> 180
324 -> 826
325 -> 824
326 -> 674
327 -> 821
328 -> 819
329 -> 95
330 -> 336
331 -> 265
332 -> 134
333 -> 718
334 -> 938
335 -> 813
336 -> 800
337 -> 672
338 -> 812
339 -> 274
340 -> 152
341 -> 986
342 -> 939
343 -> 809
344 -> 805
345 -> 795
346 -> 399
347 -> 793
348 -> 470
349 -> 12
350 -> 520
351 -> 975
352 -> 247
353 -> 196
354 -> 936
355 -> 465
356 -> 849
357 -> 381
358 -> 183
359 -> 789
360 -> 989
361 -> 371
362 -> 625
363 -> 614
364 -> 141
365 -> 788
366 -> 675
367 -> 36
368 -> 240
369 -> 785
370 -> 896
371 -> 779
372 -> 845
373 -> 815
374 -> 543
375 -> 113
376 -> 751
377 -> 424
378 -> 539
379 -> 908
380 -> 445
381 -> 658
382 -> 421
383 -> 204
384 -> 873
385 -> 619
386 -> 775
387 -> 640
388 -> 150
389 -> 307
390 -> 797
391 -> 239
392 -> 772
393 -> 387
394 -> 862
395 -> 820
396 -> 768
397 -> 554
398 -> 763
399 -> 124
400 -> 301
401 -> 356
402 -> 762
403 -> 666
404 -> 761
405 -> 753
406 -> 112
407 -> 257
408 -> 807
409 -> 750
410 -> 749
411 -> 904
412 -> 111
413 -> 748
414 -> 305
415 -> 741
416 -> 343
417 -> 747
418 -> 742
419 -> 851
420 -> 690
421 -> 540
422 -> 945
423 -> 197
424 -> 55
425 -> 714
426 -> 88
427 -> 537
428 -> 738
429 -> 737
430 -> 43
431 -> 122
432 -> 735
433 -> 730
434 -> 728
435 -> 169
436 -> 673
437 -> 727
438 -> 84
439 -> 251
440 -> 21
441 -> 903
442 -> 725
443 -> 724
444 -> 765
445 -> 627
446 -> 136
447 -> 474
448 -> 719
449 -> 616
450 -> 314
451 -> 565
452 -> 876
453 -> 214
454 -> 97
455 -> 717
456 -> 71
457 -> 437
458 -> 160
459 -> 449
460 -> 268
461 -> 166
462 -> 165
463 -> 416
464 -> 716
465 -> 712
466 -> 483
467 -> 709
468 -> 388
469 -> 898
470 -> 365
471 -> 703
472 -> 101
473 -> 702
474 -> 744
475 -> 864
476 -> 701
477 -> 205
478 -> 103
479 -> 443
480 -> 519
481 -> 508
482 -> 676
483 -> 629
484 -> 461
485 -> 217
486 -> 333
487 -> 699
488 -> 94
489 -> 694
490 -> 693
491 -> 691
492 -> 583
493 -> 687
494 -> 663
495 -> 940
496 -> 829
497 -> 466
498 -> 363
499 -> 681
500 -> 187
501 -> 669
502 -> 521
503 -> 511
504 -> 840
505 -> 498
506 -> 668
507 -> 667
508 -> 291
509 -> 652
510 -> 890
511 -> 664
512 -> 661
513 -> 924
514 -> 659
515 -> 875
516 -> 557
517 -> 648
518 -> 428
519 -> 497
520 -> 303
521 -> 941
522 -> 901
523 -> 645
524 -> 643
525 -> 162
526 -> 191
527 -> 653
528 -> 635
529 -> 457
530 -> 624
531 -> 622
532 -> 618
533 -> 861
534 -> 966
535 -> 372
536 -> 517
537 -> 913
538 -> 132
539 -> 185
540 -> 810
541 -> 178
542 -> 51
543 -> 440
544 -> 186
545 -> 617
546 -> 780
547 -> 611
548 -> 269
549 -> 609
550 -> 346
551 -> 276
552 -> 378
553 -> 608
554 -> 65
555 -> 599
556 -> 754
557 -> 190
558 -> 678
559 -> 114
560 -> 576
561 -> 844
562 -> 104
563 -> 598
564 -> 366
565 -> 446
566 -> 596
567 -> 417
568 -> 595
569 -> 133
570 -> 592
571 -> 505
572 -> 590
573 -> 586
574 -> 486
575 -> 943
576 -> 230
577 -> 603
578 -> 584
579 -> 581
580 -> 572
581 -> 786
582 -> 777
583 -> 883
584 -> 56
585 -> 569
586 -> 567
587 -> 552
588 -> 550
589 -> 252
590 -> 431
591 -> 921
592 -> 83
593 -> 361
594 -> 243
595 -> 509
596 -> 223
597 -> 462
598 -> 547
599 -> 662
600 -> 546
601 -> 544
602 -> 931
603 -> 720
604 -> 541
605 -> 525
606 -> 538
607 -> 867
608 -> 732
609 -> 689
610 -> 77
611 -> 533
612 -> 532
613 -> 959
614 -> 530
615 -> 200
616 -> 897
617 -> 529
618 -> 527
619 -> 477
620 -> 524
621 -> 298
622 -> 828
623 -> 523
624 -> 515
625 -> 688
626 -> 522
627 -> 516
628 -> 514
629 -> 422
630 -> 573
631 -> 510
632 -> 972
633 -> 927
634 -> 504
635 -> 81
636 -> 729
637 -> 41
638 -> 503
639 -> 147
640 -> 405
641 -> 496
642 -> 559
643 -> 848
644 -> 601
645 -> 491
646 -> 634
647 -> 481
648 -> 582
649 -> 536
650 -> 26
651 -> 242
652 -> 50
653 -> 479
654 -> 478
655 -> 201
656 -> 53
657 -> 355
658 -> 500
659 -> 473
660 -> 713
661 -> 774
662 -> 464
663 -> 463
664 -> 460
665 -> 778
666 -> 456
667 -> 816
668 -> 396
669 -> 192
670 -> 452
671 -> 451
672 -> 397
673 -> 219
674 -> 766
675 -> 182
676 -> 348
677 -> 450
678 -> 448
679 -> 553
680 -> 482
681 -> 860
682 -> 248
683 -> 439
684 -> 436
685 -> 93
686 -> 454
687 -> 841
688 -> 493
689 -> 62
690 -> 700
691 -> 434
692 -> 958
693 -> 870
694 -> 433
695 -> 430
696 -> 423
697 -> 255
698 -> 419
699 -> 418
700 -> 412
701 -> 706
702 -> 811
703 -> 442
704 -> 591
705 -> 297
706 -> 406
707 -> 404
708 -> 403
709 -> 407
710 -> 400
711 -> 920
712 -> 723
713 -> 312
714 -> 319
715 -> 398
716 -> 320
717 -> 394
718 -> 386
719 -> 254
720 -> 907
721 -> 384
722 -> 528
723 -> 375
724 -> 382
725 -> 328
726 -> 316
727 -> 292
728 -> 379
729 -> 173
730 -> 377
731 -> 226
732 -> 946
733 -> 373
734 -> 153
735 -> 792
736 -> 370
737 -> 369
738 -> 632
739 -> 739
740 -> 368
741 -> 362
742 -> 213
743 -> 232
744 -> 360
745 -> 374
746 -> 359
747 -> 357
748 -> 351
749 -> 808
750 -> 285
751 -> 349
752 -> 345
753 -> 344
754 -> 92
755 -> 342
756 -> 411
757 -> 755
758 -> 610
759 -> 680
760 -> 332
761 -> 331
762 -> 600
763 -> 330
764 -> 358
765 -> 323
766 -> 791
767 -> 494
768 -> 329
769 -> 327
770 -> 324
771 -> 322
772 -> 315
773 -> 984
774 -> 311
775 -> 309
776 -> 300
777 -> 967
778 -> 296
779 -> 692
780 -> 339
781 -> 294
782 -> 293
783 -> 4
784 -> 66
785 -> 626
786 -> 393
787 -> 289
788 -> 287
789 -> 878
790 -> 578
791 -> 641
792 -> 171
793 -> 881
794 -> 740
795 -> 283
796 -> 280
797 -> 912
798 -> 277
799 -> 275
800 -> 988
801 -> 272
802 -> 271
803 -> 270
804 -> 996
805 -> 468
806 -> 69
807 -> 771
808 -> 267
809 -> 263
810 -> 128
811 -> 736
812 -> 408
813 -> 258
814 -> 261
815 -> 507
816 -> 649
817 -> 929
818 -> 259
819 -> 253
820 -> 587
821 -> 249
822 -> 67
823 -> 928
824 -> 148
825 -> 210
826 -> 245
827 -> 11
828 -> 244
829 -> 241
830 -> 237
831 -> 953
832 -> 835
833 -> 804
834 -> 102
835 -> 236
836 -> 234
837 -> 282
838 -> 642
839 -> 38
840 -> 231
841 -> 29
842 -> 787
843 -> 646
844 -> 228
845 -> 227
846 -> 760
847 -> 194
848 -> 685
849 -> 224
850 -> 776
851 -> 308
852 -> 987
853 -> 637
854 -> 8
855 -> 17
856 -> 782
857 -> 926
858 -> 799
859 -> 389
860 -> 880
861 -> 262
862 -> 401
863 -> 159
864 -> 670
865 -> 221
866 -> 340
867 -> 636
868 -> 220
869 -> 218
870 -> 502
871 -> 215
872 -> 208
873 -> 585
874 -> 770
875 -> 198
876 -> 806
877 -> 767
878 -> 193
879 -> 179
880 -> 295
881 -> 184
882 -> 563
883 -> 176
884 -> 225
885 -> 174
886 -> 172
887 -> 284
888 -> 746
889 -> 278
890 -> 170
891 -> 726
892 -> 164
893 -> 146
894 -> 145
895 -> 144
896 -> 561
897 -> 142
898 -> 140
899 -> 137
900 -> 125
901 -> 130
902 -> 855
903 -> 120
904 -> 118
905 -> 695
906 -> 117
907 -> 909
908 -> 115
909 -> 827
910 -> 802
911 -> 110
912 -> 757
913 -> 108
914 -> 665
915 -> 100
916 -> 195
917 -> 545
918 -> 199
919 -> 99
920 -> 98
921 -> 264
922 -> 575
923 -> 207
924 -> 16
925 -> 91
926 -> 89
927 -> 86
928 -> 78
929 -> 413
930 -> 822
931 -> 266
932 -> 814
933 -> 30
934 -> 704
935 -> 119
936 -> 73
937 -> 334
938 -> 72
939 -> 70
940 -> 163
941 -> 68
942 -> 974
943 -> 34
944 -> 64
945 -> 657
946 -> 60
947 -> 54
948 -> 425
949 -> 513
950 -> 568
951 -> 52
952 -> 238
953 -> 969
954 -> 49
955 -> 48
956 -> 90
957 -> 46
958 -> 42
959 -> 40
960 -> 837
961 -> 39
962 -> 158
963 -> 37
964 -> 317
965 -> 123
966 -> 273
967 -> 32
968 -> 347
969 -> 31
970 -> 216
971 -> 385
972 -> 27
973 -> 61
974 -> 383
975 -> 392
976 -> 444
977 -> 25
978 -> 764
979 -> 24
980 -> 23
981 -> 459
982 -> 15
983 -> 650
984 -> 14
985 -> 47
986 -> 570
987 -> 9
988 -> 588
989 -> 107
990 -> 911
991 -> 79
992 -> 6
993 -> 3
994 -> 759
995 -> 823
996 -> 391
997 -> 2
998 -> 555
999 -> 1
1000 -> 794
Anzahl an erfüllten 1. Wünschen: 541
Anzahl an erfüllten 2. Wünschen: 88
Anzahl an erfüllten 3. Wünschen: 69
Anzahl an Geschenk, die nicht gewünscht waren: 302