>> Eingabe der Wünsche im BwInf-Format
90
 1 24 25
27 29  1
38 17 53
23 21 49
30 29 54
21 22 65
38 37 42
45 21 24
 3 17 55
42 25 51
 9 11 87
33 22 65
23 27 86
26 25 50
38 33  3
42 15 84
28  5 55
39 26 80
15 40 66
35 42  5
 6 14 63
23 28 32
31 26 21
14 29 86
14 33 84
12 38  1
12 25 74
39 12 38
30  5 78
25 23 37
48 33 54
 5 33 30
18 40 32
38 24 33
39 29 74
14 25 53
 5 30  8
48 14 49
42 48  5
31 20 87
48 32 65
33 27 83
29 18 14
22 33 43
 5 47 81
14 21 85
38 21 84
48 14 74
16 28 22
27 12 22
40 28 63
23 38 65
24 29 48
16 48 14
 5 38 62
24  1 20
35 14 87
46 21 70
13 42 23
24 18 81
33 30 14
45 27 75
12 48 31
14 48 67
10 33 40
 1 15 80
 9 30 38
 9 47 45
30 28 32
45 14 33
18 35 65
28 47 90
 3 27 74
30  5 48
24 33 49
 5 27 21
16 48 58
11 28 29
17 24 28
48 20 24
 8 42 84
38 28 63
11 23 75
24 38 49
38 12 18
41 30 89
20 38 70
 1 20 11
48 42 30
 8 17 35


> Ausgabe der Verteilung: 
Schüler Nr. -> Geschenk Nr. 
1 -> 1
2 -> 27
3 -> 53
4 -> 23
5 -> 54
6 -> 21
7 -> 38
8 -> 45
9 -> 55
10 -> 51
11 -> 87
12 -> 65
13 -> 86
14 -> 26
15 -> 89
16 -> 84
17 -> 28
18 -> 80
19 -> 15
20 -> 35
21 -> 6
22 -> 88
23 -> 31
24 -> 82
25 -> 14
26 -> 12
27 -> 74
28 -> 39
29 -> 78
30 -> 25
31 -> 79
32 -> 5
33 -> 77
34 -> 76
35 -> 73
36 -> 72
37 -> 71
38 -> 49
39 -> 42
40 -> 70
41 -> 32
42 -> 83
43 -> 29
44 -> 22
45 -> 47
46 -> 85
47 -> 69
48 -> 68
49 -> 16
50 -> 66
51 -> 40
52 -> 64
53 -> 24
54 -> 61
55 -> 62
56 -> 60
57 -> 59
58 -> 46
59 -> 13
60 -> 81
61 -> 33
62 -> 75
63 -> 57
64 -> 67
65 -> 10
66 -> 56
67 -> 9
68 -> 52
69 -> 50
70 -> 44
71 -> 18
72 -> 90
73 -> 3
74 -> 30
75 -> 43
76 -> 37
77 -> 58
78 -> 11
79 -> 17
80 -> 48
81 -> 36
82 -> 63
83 -> 34
84 -> 19
85 -> 7
86 -> 41
87 -> 20
88 -> 4
89 -> 2
90 -> 8
Anzahl an erfüllten 1. Wünschen: 37
Anzahl an erfüllten 2. Wünschen: 2
Anzahl an erfüllten 3. Wünschen: 21
Anzahl an Geschenk, die nicht gewünscht waren: 30